5.0 72.0 -22.0 -19.0 88.0 8.0 4.0 3.56 9.0 0.96 0.61 1.0 0.37 0.9 1.63 2.55 1.0 3.5 -58.0 -46.0 9.0 22.0 -72.0 2.0 2.0 1.74 9.0 0.31 0.29 1.0 0.98 0.94 1.82 2.51 0.0 0.0
-51.0 75.0 97.0 0.0 -10.0 2.0 3.0 3.78 4.0 0.96 0.5 1.0 0.14 0.47 2.4 2.45 1.0 3.6 -94.0 -21.0 71.0 33.0 2.0 3.0 4.0 1.57 4.0 0.54 0.3 1.0 0.23 0.19 1.86 1.76 0.0 0.0
-51.0 75.0 97.0 0.0 -10.0 2.0 3.0 3.78 4.0 0.96 0.5 1.0 0.14 0.47 2.4 2.45 1.0 4.49 -94.0 -21.0 71.0 33.0 2.0 3.0 4.0 1.57 4.0 0.54 0.3 1.0 0.23 0.19 1.86 1.76 0.0 0.0
99.0 78.0 -55.0 0.0 -20.0 6.0 4.0 3.36 2.0 0.57 0.92 1.0 0.23 0.89 4.09 2.61 1.0 2.5 18.0 94.0 -80.0 0.0 68.0 2.0 3.0 2.08 5.0 0.9 0.64 1.0 0.88 0.66 1.76 2.18 0.0 0.0
-64.0 72.0 -22.0 0.0 88.0 8.0 4.0 3.56 9.0 0.96 0.61 1.0 0.37 0.9 1.63 2.55 1.0 1.0e-2 -91.0 17.0 9.0 0.0 -72.0 2.0 2.0 1.74 9.0 0.18 0.29 1.0 0.98 0.94 1.82 2.51 0.0 0.0
-6.0 22.0 40.0 0.0 48.0 3.0 2.0 3.85 3.0 0.44 0.79 1.0 0.65 0.25 1.66 2.46 1.0 4.0 36.0 -74.0 85.0 59.0 81.0 9.0 4.0 1.61 8.0 3.0e-2 0.48 1.0 0.27 0.89 4.47 2.12 0.0 0.0
-6.0 22.0 40.0 0.0 48.0 7.0 2.0 3.85 3.0 0.44 0.5 1.0 0.65 0.85 1.66 2.46 1.0 1.0 -8.0 -74.0 85.0 0.0 81.0 5.0 4.0 1.61 8.0 3.0e-2 0.48 1.0 6.0e-2 0.89 3.4 2.12 0.0 0.0
-15.0 92.0 -22.0 0.0 -19.0 8.0 4.0 1.53 7.0 0.17 0.39 1.0 0.9 0.99 2.25 1.59 1.0 4.3 -161.0 23.0 -92.0 -64.0 -75.0 7.0 4.0 1.8 9.0 0.68 0.12 1.0 0.9 0.36 4.74 1.36 0.0 0.0
-69.0 54.0 27.0 0.0 69.0 2.0 3.0 2.74 4.0 0.92 0.23 1.0 7.0e-2 5.0e-2 4.85 1.54 1.0 1.1 -74.0 18.0 -172.0 0.0 -76.0 5.0 4.0 2.95 5.0 0.4 0.38 1.0 0.66 0.52 1.04 2.11 0.0 0.0
63.0 -61.0 73.0 0.0 -66.0 9.0 4.0 3.37 4.0 0.1 0.3 1.0 0.3 0.33 3.8 2.57 1.0 2.3 27.0 -1.0 17.0 62.0 73.0 8.0 2.0 3.32 7.0 0.56 0.82 1.0 0.77 0.83 4.71 1.89 0.0 0.0
63.0 -61.0 73.0 0.0 -66.0 9.0 4.0 3.37 4.0 0.1 0.3 1.0 0.3 0.33 3.8 2.57 1.0 0.4 27.0 -1.0 17.0 62.0 73.0 8.0 2.0 3.32 7.0 0.56 0.82 1.0 0.77 0.83 4.71 1.89 0.0 0.0
-193.0 -17.0 -9.0 -64.0 -114.0 7.0 4.0 3.55 9.0 0.68 0.81 1.0 0.73 5.0e-2 4.03 2.32 1.0 1.1 -15.0 92.0 -22.0 0.0 -19.0 8.0 4.0 1.53 7.0 6.0e-2 0.39 1.0 0.9 0.33 2.25 1.59 0.0 0.0
-193.0 -17.0 -9.0 -64.0 -114.0 7.0 4.0 3.55 9.0 0.68 0.81 1.0 0.73 5.0e-2 4.03 2.32 1.0 4.4 -100.0 18.0 -30.0 19.0 -109.0 7.0 4.0 3.7 6.0 2.0e-2 0.72 1.0 0.4 1.0e-2 1.41 1.1 0.0 0.0
-193.0 -42.0 -86.0 -64.0 -11.0 7.0 4.0 2.95 2.0 0.42 0.62 1.0 0.34 0.56 4.05 2.32 1.0 1.8 -100.0 72.0 -30.0 24.0 -164.0 3.0 4.0 2.55 6.0 2.0e-2 0.25 1.0 0.14 1.0e-2 3.86 1.47 0.0 0.0
-80.0 -65.0 36.0 0.0 70.0 2.0 3.0 1.76 6.0 0.0 0.24 1.0 0.77 0.74 2.48 2.54 1.0 2.0 -78.0 60.0 79.0 0.0 -100.0 4.0 3.0 2.25 4.0 0.1 0.89 1.0 0.16 0.72 2.78 1.1 0.0 0.0
-80.0 -65.0 36.0 0.0 70.0 2.0 3.0 1.76 6.0 0.0 0.24 1.0 0.77 0.74 2.48 2.54 1.0 4.3 -78.0 60.0 79.0 0.0 -100.0 4.0 3.0 2.25 4.0 0.1 0.89 1.0 0.16 0.72 2.78 1.1 0.0 0.0
-98.0 -42.0 -86.0 24.0 -11.0 7.0 4.0 2.95 2.0 0.42 0.62 1.0 0.34 0.56 4.05 2.32 1.0 3.0 -147.0 72.0 -30.0 45.0 -164.0 3.0 4.0 2.55 6.0 0.71 0.25 1.0 0.14 0.6 3.86 1.47 0.0 0.0
-58.0 32.0 87.0 -133.0 -24.0 7.0 4.0 0.58 4.0 0.36 0.54 1.0 0.61 0.4 3.93 1.66 1.0 2.9 -147.0 60.0 48.0 -35.0 -39.0 3.0 4.0 2.84 6.0 0.34 0.54 1.0 0.81 0.17 2.73 1.47 0.0 0.0
-74.0 18.0 -172.0 0.0 -76.0 5.0 4.0 2.95 5.0 0.4 0.23 1.0 0.66 0.52 3.41 2.11 1.0 4.0 -69.0 54.0 27.0 0.0 69.0 2.0 3.0 2.74 4.0 0.92 0.23 1.0 7.0e-2 0.6 4.85 1.54 0.0 0.0
-136.0 -275.0 -24.0 0.0 42.0 8.0 3.0 3.51 4.0 0.48 0.81 1.0 0.61 0.48 3.74 2.1 1.0 3.9 -147.0 60.0 74.0 -89.0 -39.0 3.0 4.0 2.84 6.0 0.34 0.54 1.0 0.81 0.17 1.52 2.19 0.0 0.0
-57.0 47.0 -16.0 0.0 93.0 7.0 4.0 2.31 2.0 0.3 0.97 1.0 1.0e-2 0.42 4.18 2.66 1.0 1.8 -11.0 -14.0 63.0 0.0 -8.0 5.0 2.0 1.02 1.0 0.97 0.41 1.0 0.53 0.49 1.95 1.88 0.0 0.0
-4.0 -42.0 54.0 0.0 51.0 2.0 4.0 3.48 6.0 0.97 0.99 1.0 0.56 2.0e-2 3.58 2.75 1.0 4.3 -99.0 75.0 60.0 0.0 -97.0 6.0 4.0 3.36 5.0 0.69 0.24 1.0 0.12 0.94 3.79 2.29 0.0 0.0
-4.0 25.0 77.0 0.0 94.0 2.0 4.0 3.48 6.0 0.97 2.0e-2 1.0 0.56 0.55 3.58 2.75 1.0 0.9 -99.0 75.0 60.0 0.0 -97.0 6.0 4.0 3.36 5.0 0.69 0.24 1.0 0.12 0.94 3.79 2.29 0.0 0.0
-5.0 23.0 -31.0 -1.0 5.0 3.0 4.0 3.63 6.0 0.5 0.57 1.0 0.85 0.25 3.68 2.47 1.0 0.1 -3.0 59.0 83.0 -96.0 -74.0 5.0 4.0 2.5 7.0 5.0e-2 0.0 1.0 0.23 0.54 1.03 2.44 0.0 0.0
-28.0 -102.0 33.0 0.0 -53.0 7.0 3.0 3.8 3.0 0.9 0.28 1.0 0.66 0.27 3.85 1.51 1.0 4.4 -43.0 23.0 -8.0 -1.0 5.0 3.0 4.0 1.54 9.0 0.5 0.57 1.0 0.85 0.25 3.68 2.47 0.0 0.0
-43.0 23.0 -8.0 -1.0 5.0 3.0 4.0 1.54 9.0 0.5 0.57 1.0 0.85 0.25 3.68 2.47 0.0 1.8 -3.0 59.0 83.0 -96.0 -74.0 5.0 4.0 2.5 7.0 5.0e-2 0.0 1.0 0.23 0.54 1.03 2.44 0.0 0.0
-3.0 53.0 -18.0 -89.0 -74.0 5.0 4.0 3.23 7.0 0.86 0.0 1.0 0.69 0.54 1.03 2.44 1.0 2.2 -43.0 23.0 -8.0 -1.0 5.0 3.0 4.0 1.54 9.0 0.5 0.57 1.0 0.85 0.25 3.68 2.47 0.0 0.0
-53.0 85.0 -56.0 0.0 -81.0 2.0 3.0 2.56 8.0 2.0e-2 4.0e-2 1.0 0.68 0.3 3.37 2.41 1.0 3.8 -20.0 79.0 98.0 0.0 84.0 6.0 3.0 1.59 9.0 0.91 9.0e-2 1.0 2.0e-2 0.45 0.51 2.52 0.0 0.0
-20.0 79.0 98.0 0.0 84.0 6.0 3.0 1.59 9.0 0.91 9.0e-2 1.0 2.0e-2 0.45 0.51 2.52 1.0 0.2 -53.0 85.0 -56.0 0.0 -81.0 2.0 3.0 2.56 8.0 2.0e-2 4.0e-2 1.0 0.68 0.3 3.37 2.41 0.0 0.0
77.0 -44.0 67.0 0.0 -63.0 8.0 4.0 1.12 6.0 0.7 0.64 1.0 3.0e-2 0.17 4.0 1.44 1.0 0.1 -20.0 46.0 94.0 0.0 57.0 6.0 4.0 3.67 3.0 0.34 0.16 1.0 0.7 0.84 4.66 2.41 0.0 0.0
-22.0 19.0 -43.0 -50.0 5.0 8.0 3.0 2.52 9.0 0.51 0.29 1.0 0.71 0.44 3.09 2.02 1.0 4.4 -81.0 43.0 63.0 0.0 48.0 8.0 2.0 2.11 6.0 0.68 0.85 1.0 8.0e-2 0.78 3.61 2.12 0.0 0.0
-51.0 -58.0 -4.0 0.0 -40.0 2.0 3.0 0.86 3.0 0.1 0.2 1.0 0.15 0.32 2.65 2.24 1.0 3.7 13.0 83.0 -49.0 0.0 -73.0 9.0 4.0 3.12 7.0 0.97 0.34 1.0 0.9 0.89 1.68 1.37 0.0 0.0
-26.0 6.0 52.0 0.0 55.0 5.0 3.0 3.33 7.0 0.25 0.86 1.0 0.98 0.35 2.96 1.95 1.0 4.0 34.0 69.0 30.0 0.0 24.0 4.0 3.0 3.05 6.0 0.74 0.29 1.0 0.27 0.35 1.11 0.8 0.0 0.0
14.0 52.0 -78.0 0.0 38.0 7.0 3.0 3.58 6.0 0.22 0.64 1.0 0.9 0.48 1.15 2.71 1.0 1.8 67.0 86.0 51.0 0.0 -63.0 2.0 3.0 3.33 7.0 0.3 0.52 1.0 0.35 0.27 4.23 1.46 0.0 0.0
